Source,Target,Weight
0,1,1.0000175234450768
0,2,1.0000962661167976
0,4,1.0000423363331814
0,5,1.0000278826279427
0,6,1.0000656316601333
0,8,1.0000022710445813
0,9,1.0000298833160877
0,11,1.0000484837789583
0,12,1.0000324465604344
0,13,1.0000261213163302
0,14,1.0000803976450385
0,15,1.000076633494617
0,16,1.00006483960054
0,17,1.000069337331036
0,18,1.000136033962429
0,19,1.000578218215592
0,20,1.0000598002596215
0,21,1.000123410371204
0,22,1.0002426099939652
0,23,1.0002630067626108
0,24,1.000188945568353
0,26,1.0001713656298152
0,27,1.0002672523317524
0,28,1.0001923358141065
0,29,1.0000530160431444
0,30,1.000040917490746
0,31,1.0004168363653834
0,34,1.000459457547704
0,35,1.000167982821428
0,36,1.0003004428448792
0,37,1.0003022757085671
0,40,1.0000875613154914
0,41,1.0001487853973892
0,42,1.0000446785521904
0,43,1.000460037787222
0,44,1.0005028828173075
0,45,1.0000591515495763
0,46,1.0000810706999128
0,47,1.0010246531114313
0,48,1.0000667589347103
0,49,1.0000930211554873
0,50,1.0002911241858532
0,52,1.0001095075838118
0,53,1.0002409531819678
0,54,1.0001318149411877
0,56,1.0001763035021856
0,57,1.0001065957879507
0,59,1.0000861648599035
0,60,1.0003068614690371
0,61,1.00012674625171
0,62,1.0000811757601795
0,63,1.0000775020069437
0,64,1.0000530967554515
0,65,1.0000675568774295
0,66,1.0000482479565354
0,67,1.0000421860620652
0,68,1.0000702518334665
0,69,1.000056444118838
0,70,1.0001441487910592
0,71,1.0000364719489463
0,72,1.0000514892053103
0,73,1.000514738537426
0,74,1.000151135257788
0,75,1.0000964316622067
0,76,1.0000957052865247
0,77,1.0000187730620973
0,78,1.000302414656503
0,79,1.0000565521690903
0,80,1.0000288928536984
0,81,1.0004406532532513
0,82,1.000348298750907
0,83,1.0001925612546438
0,84,1.0002389193427321
0,85,1.0000409345182586
0,86,1.0002027932409494
0,87,1.0002708725132925
0,88,1.000111881737288
0,89,1.000192100527439
0,90,1.0002268240841323
0,91,1.0002877095181764
0,92,1.0001004372264293
0,93,1.000287461491859
0,94,1.000240636521734
0,95,1.0003078621967165
0,96,1.000053906150518
0,97,1.000027421026655
0,98,1.0000622345552557
1,0,1.0000175234450768
1,2,1.0000402891659972
1,4,1.0000511155103677
1,5,1.0000029812368045
1,6,1.000028406449722
1,8,1.0000107952352366
1,9,1.000018269046163
1,11,1.0000211856504502
1,12,1.000020231978144
1,13,1.0000088073596125
1,14,1.000098819288724
1,15,1.0000757294234224
1,16,1.0001105340100245
1,17,1.0000830524990811
1,18,1.0001752183266244
1,19,1.000638600316875
1,20,1.0000811329770811
1,21,1.0001455723719617
1,22,1.0002621092206478
1,23,1.0002846840361646
1,24,1.000237464273406
1,26,1.000196490967328
1,27,1.0003322611347047
1,28,1.0002269418393595
1,29,1.0000598784987895
1,30,1.000094506818459
1,31,1.0004709944456542
1,34,1.0004862019191116
1,35,1.0002192603283386
1,36,1.0003386934334793
1,37,1.0003322368322405
1,40,1.000121056294538
1,41,1.0001888512500845
1,42,1.000061787718177
1,43,1.0005603783776311
1,44,1.0006056841438655
1,45,1.0000761042608897
1,46,1.0001128054809156
1,47,1.0010953344954117
1,48,1.0000709373550358
1,49,1.0001148918423275
1,50,1.0003512243640338
1,52,1.000121788212114
1,53,1.000289400664233
1,54,1.000183815313381
1,56,1.0001800971688293
1,57,1.0001837436611545
1,59,1.0000953910149877
1,60,1.0003595559672558
1,61,1.000166739862832
1,62,1.000072553519383
1,63,1.0000572647804096
1,64,1.0000394954355087
1,65,1.000057683001194
1,66,1.0000134869998991
1,67,1.0000865801955467
1,68,1.0000707130099784
1,69,1.0000655550160733
1,70,1.0001885258715477
1,71,1.000059175877664
1,72,1.000091897396897
1,73,1.0005925263567408
1,74,1.0001385600464594
1,75,1.0001372075229649
1,76,1.0001102785915834
1,77,1.0000117427607131
1,78,1.0002941645532002
1,79,1.0000871252653218
1,80,1.0000357674838338
1,81,1.0004970123503047
1,82,1.0003889717009822
1,83,1.0002226581954927
1,84,1.0002749549166268
1,85,1.0000531915312867
1,86,1.0002689442763948
1,87,1.0003133073418984
1,88,1.0001131373020218
1,89,1.0002151593815283
1,90,1.0002840239503858
1,91,1.0003486151083067
1,92,1.0001068523802483
1,93,1.0003405520698172
1,94,1.0003035305628256
1,95,1.0003724707947392
1,96,1.0000621065930524
1,97,1.0000222205747493
1,98,1.0000520419800873
2,0,1.0000962661167976
2,1,1.0000402891659972
2,4,1.0001384075414728
2,5,1.000041376183978
2,6,1.0000209332212309
2,8,1.0000765769737252
2,9,1.0000623501004526
2,11,1.0000262024282107
2,12,1.000082665450975
2,13,1.0000326978045995
2,14,1.00023265875978
2,15,1.0001259637118025
2,16,1.0002750117326988
2,17,1.0001265787250921
2,18,1.0003616396872281
2,19,1.0009468304509732
2,20,1.0002209678716774
2,21,1.0003146855105345
2,22,1.0003800337154278
2,23,1.000376655626093
2,24,1.0004507111071437
2,26,1.000369193808988
2,27,1.000578876248403
2,28,1.0004259636987158
2,29,1.0001511689419944
2,30,1.000222907846465
2,31,1.0007015882913943
2,34,1.0007052490091644
2,35,1.0004052484272292
2,36,1.0005464850679282
2,37,1.0005661532676997
2,40,1.0002814360237255
2,41,1.0003770986402796
2,42,1.0001765997379983
2,43,1.0008659175932841
2,44,1.000934309783697
2,45,1.0002168301295453
2,46,1.0002717761369453
2,47,1.0014758350699573
2,48,1.0001914611819025
2,49,1.000265330460149
2,50,1.0006067728589059
2,52,1.0002275827436993
2,53,1.0004943901704737
2,54,1.0003214891446306
2,56,1.0003512922111495
2,57,1.0003849971066634
2,59,1.000239043461727
2,60,1.000611285362929
2,61,1.000307191263664
2,62,1.0001308933139272
2,63,1.0000357326775733
2,64,1.0000539763965175
2,65,1.0000472404226997
2,66,1.0000120333611082
2,67,1.000217013997027
2,68,1.000131349103718
2,69,1.0001260394191784
2,70,1.0003751965016252
2,71,1.0001580264607397
2,72,1.000215269419017
2,73,1.0008832966977297
2,74,1.0002246475707197
2,75,1.0003087322504898
2,76,1.00022833959219
2,77,1.0000453234688682
2,78,1.000485835168699
2,79,1.0002117044865306
2,80,1.0001104695913035
2,81,1.0007256656944452
2,82,1.0005488708103683
2,83,1.000372687495025
2,84,1.0004461867532493
2,85,1.0001601173588233
2,86,1.0004728509583856
2,87,1.0004989157573354
2,88,1.0002298864822052
2,89,1.0003437083741178
2,90,1.0004837247447187
2,91,1.0005333003815502
2,92,1.00023530928853
2,93,1.0005888755696315
2,94,1.000523390222903
2,95,1.000578378789556
2,96,1.0000818551562192
2,97,1.000047714193045
2,98,1.0000468147744066
3,7,1.0233709970971343
3,25,1.025776143742452
3,33,1.0281388370801543
3,38,1.0122713150818368
3,51,1.030358356868825
3,58,1.0214872028163078
4,0,1.0000423363331814
4,1,1.0000511155103677
4,2,1.0001384075414728
4,5,1.0000473882287055
4,6,1.0000898176017217
4,8,1.000049753371959
4,9,1.0000232763400676
4,11,1.000067594247182
4,12,1.0000275365829752
4,13,1.0000749877253152
4,14,1.0000317818855273
4,15,1.0000266520246324
4,16,1.0000721950951799
4,17,1.0000491937566474
4,18,1.000084989673743
4,19,1.000483904150608
4,20,1.0000738959582711
4,21,1.0000865872854847
4,22,1.000125711036229
4,23,1.0001211038318027
4,24,1.000131246857969
4,26,1.0000857850006315
4,27,1.0001941392023568
4,28,1.0001182443767778
4,29,1.000026121827513
4,30,1.000074839210604
4,31,1.0002734281882673
4,34,1.0002924333501897
4,35,1.0001253295970776
4,36,1.000231829851085
4,37,1.000291946171388
4,40,1.0000537692011748
4,41,1.00010779251864
4,42,1.000010783518676
4,43,1.0003407133844355
4,44,1.000412375210801
4,45,1.0000549167239259
4,46,1.0000788265122849
4,47,1.0008495402881605
4,48,1.0000481448205292
4,49,1.0000430326469258
4,50,1.0002502935241984
4,52,1.0000413545832776
4,53,1.000214407545625
4,54,1.000085484045877
4,56,1.0001719663113589
4,57,1.000123098742699
4,59,1.000102587385604
4,60,1.0002532587605044
4,61,1.0000646886008764
4,62,1.000031501969533
4,63,1.0001426932222153
4,64,1.000050640310961
4,65,1.0001409967346317
4,66,1.000100012022075
4,67,1.0000443380861523
4,68,1.0000558737575913
4,69,1.0000629534493
4,70,1.0001155484259872
4,71,1.0000568099375564
4,72,1.0000659534397338
4,73,1.0004340571970374
4,74,1.0000697684898938
4,75,1.0000995043758283
4,76,1.000082179743724
4,77,1.000060291778757
4,78,1.0002980538243065
4,79,1.0000431056745414
4,80,1.000067723447398
4,81,1.0002751501208809
4,82,1.000180506416535
4,83,1.0000965174285985
4,84,1.0001496142013548
4,85,1.0000495777750316
4,86,1.000164660313315
4,87,1.0002369203729664
4,88,1.0001612487537146
4,89,1.000181802851245
4,90,1.0001516278446294
4,91,1.00021509780854
4,92,1.0000659358464705
4,93,1.0002816735671216
4,94,1.0002440493176772
4,95,1.0002199038749204
4,96,1.0001018833906097
4,97,1.000071077404768
4,98,1.0001098850096157
5,0,1.0000278826279427
5,1,1.0000029812368045
5,2,1.000041376183978
5,4,1.0000473882287055
5,6,1.000022328613276
5,8,1.000022245302978
5,9,1.0000154857145112
5,11,1.0000183941365821
5,12,1.0000112112100896
5,13,1.0000120094008376
5,14,1.000085565057786
5,15,1.0000646556122985
5,16,1.0001094810698146
5,17,1.0000830159521494
5,18,1.0001638959409387
5,19,1.0006077536950895
5,20,1.0000755269026411
5,21,1.000132666125701
5,22,1.0002293380535248
5,23,1.0002596937374066
5,24,1.0002263925240378
5,26,1.0001744878153673
5,27,1.0003200965741081
5,28,1.0002108060411845
5,29,1.000046955729103
5,30,1.000099802893256
5,31,1.0004423347336122
5,34,1.0004537473520982
5,35,1.0002101027617232
5,36,1.0003157377154928
5,37,1.0003173871270936
5,40,1.00011257124282
5,41,1.0001741710880294
5,42,1.0000556203917532
5,43,1.000546258947115
5,44,1.0005945204204363
5,45,1.000071655430996
5,46,1.0001059293196526
5,47,1.0010510963038703
5,48,1.0000581858735915
5,49,1.0001026666031356
5,50,1.0003395595258966
5,52,1.0001013260226213
5,53,1.0002655924656079
5,54,1.0001734871564305
5,56,1.0001675458901758
5,57,1.000190073259624
5,59,1.000087780383367
5,60,1.0003433320428938
5,61,1.0001542158921564
5,62,1.00005658259135
5,63,1.0000624934653153
5,64,1.0000364758413676
5,65,1.0000707383512035
5,66,1.000017354976748
5,67,1.0000859600525074
5,68,1.0000562574228276
5,69,1.0000577283482872
5,70,1.0001747770332596
5,71,1.0000580992910761
5,72,1.0000926551038987
5,73,1.0005746493868082
5,74,1.00010841565384
5,75,1.000130836449309
5,76,1.000096727092375
5,77,1.0000147473591674
5,78,1.000279111136681
5,79,1.0000842987237872
5,80,1.0000321268402101
5,81,1.0004592950822802
5,82,1.0003585084254545
5,83,1.000200683832605
5,84,1.0002497834286848
5,85,1.0000446944266106
5,86,1.0002603519689703
5,87,1.0002896749410544
5,88,1.0001094149580947
5,89,1.00019233183536
5,90,1.000261582822191
5,91,1.0003243708131648
5,92,1.000099677626267
5,93,1.000325538029869
5,94,1.0002989662957338
5,95,1.0003492647012024
5,96,1.0000683305176232
5,97,1.0000257268270336
5,98,1.000056030779987
6,0,1.0000656316601333
6,1,1.000028406449722
6,2,1.0000209332212309
6,4,1.0000898176017217
6,5,1.000022328613276
6,8,1.0000591189886927
6,9,1.0000277732038225
6,11,1.0000109363718417
6,12,1.000034530087639
6,13,1.0000199350900438
6,14,1.0001445523887615
6,15,1.0000609915930456
6,16,1.0001841225101173
6,17,1.0000818305006334
6,18,1.0002569322354533
6,19,1.0007646731982214
6,20,1.0001419245077683
6,21,1.0002213860297133
6,22,1.0002450653360226
6,23,1.0002677810222027
6,24,1.0003366334910102
6,26,1.0002550885606953
6,27,1.000445393178046
6,28,1.0003153917983434
6,29,1.0000743015001006
6,30,1.0001368168847284
6,31,1.0005319309335343
6,34,1.0005604374521275
6,35,1.0002818062399383
6,36,1.0003986400202851
6,37,1.0004550242893802
6,40,1.0001876420562965
6,41,1.0002586028212967
6,42,1.0001086594853381
6,43,1.0006949908758735
6,44,1.0007647939203126
6,45,1.0001504594429838
6,46,1.0001790183842332
6,47,1.0012553794724757
6,48,1.0001157342037508
6,49,1.000177837766364
6,50,1.0004745968761717
6,52,1.0001291378164283
6,53,1.000337956514932
6,54,1.0001949692001486
6,56,1.00027493127167
6,57,1.0002787639236517
6,59,1.0001689985600488
6,60,1.0004757247653862
6,61,1.0001908212783024
6,62,1.0000588846971443
6,63,1.0000232360416814
6,64,1.0000253883716992
6,65,1.0000513313572805
6,66,1.0000197550317473
6,67,1.0001286350625997
6,68,1.0000532685699572
6,69,1.0000479332364711
6,70,1.0002516500979808
6,71,1.0000823927751679
6,72,1.0001257257678402
6,73,1.0007068689179632
6,74,1.000126171385516
6,75,1.0002060965521113
6,76,1.0001285665534103
6,77,1.0000199421406017
6,78,1.0004173066055202
6,79,1.0001278473897037
6,80,1.000049848529222
6,81,1.0005393896316515
6,82,1.0003953720546606
6,83,1.0002442137301768
6,84,1.0002986730489556
6,85,1.0000843952893108
6,86,1.00033263019333
6,87,1.0003371237019356
6,88,1.000164385648375
6,89,1.0002031486974603
6,90,1.00032813317315
6,91,1.0003560389876271
6,92,1.000169916481051
6,93,1.0004522272255263
6,94,1.000391082757471
6,95,1.000403008144606
6,96,1.0000474878672059
6,97,1.0000158219125883
6,98,1.0000219737551157
7,3,1.0233709970971343
7,25,1.0193532483358452
7,33,1.0174551699275232
7,38,1.0170487017307492
7,51,1.0230769604585417
7,55,1.0099215596672553
7,58,1.0236850623879101
8,0,1.0000022710445813
8,1,1.0000107952352366
8,2,1.0000765769737252
8,4,1.000049753371959
8,5,1.000022245302978
8,6,1.0000591189886927
8,9,1.000030628872762
8,11,1.0000418304744572
8,12,1.0000361681347791
8,13,1.0000193742248162
8,14,1.0000987360068843
8,15,1.00008736758061
8,16,1.0000860817476145
8,17,1.0000762507125243
8,18,1.000160998035098
8,19,1.0006253942122443
8,20,1.0000747827196013
8,21,1.0001430055806155
8,22,1.0002743706215098
8,23,1.0002893856852613
8,24,1.0002174887204252
8,26,1.0001975944349673
8,27,1.0003029884195676
8,28,1.000218570510838
8,29,1.0000667647838277
8,30,1.0000617392470839
8,31,1.0004620306400689
8,34,1.0004953227536035
8,35,1.0001992967418256
8,36,1.0003364696760548
8,37,1.0003262102481794
8,40,1.0001088578927686
8,41,1.0001770511129995
8,42,1.0000576532581624
8,43,1.000510550627794
8,44,1.0005525293231903
8,45,1.0000707929317914
8,46,1.000101145712456
8,47,1.001084066673647
8,48,1.0000794599494323
8,49,1.0001115651024233
8,50,1.0003250345810142
8,52,1.0001301955872628
8,53,1.0002792540149283
8,54,1.000164429492421
8,56,1.0001883690271907
8,57,1.0001355093752131
8,59,1.0000971190059704
8,60,1.000340914726455
8,61,1.0001555233589228
8,62,1.0000925315213534
8,63,1.0000703907700856
8,64,1.000052092171911
8,65,1.0000573635923813
8,66,1.000034156732605
8,67,1.0000630353755848
8,68,1.000083389938561
8,69,1.0000704541448617
8,70,1.000174001615852
8,71,1.0000511441350848
8,72,1.0000720173575044
8,73,1.0005629908467586
8,74,1.0001688704862322
8,75,1.0001199879445783
8,76,1.0001159006413272
8,77,1.0000167101244788
8,78,1.0003106769103143
8,79,1.0000749432456173
8,80,1.0000372201600394
8,81,1.0004905753102509
8,82,1.0003886916184561
8,83,1.000223696921127
8,84,1.0002753001872093
8,85,1.0000541952731368
8,86,1.0002400946444718
8,87,1.0003103105120645
8,88,1.0001202823490103
8,89,1.0002234605452975
8,90,1.000267354668991
8,91,1.0003344335869089
8,92,1.0001113628214129
8,93,1.0003206499880108
8,94,1.0002744510005932
8,95,1.0003548235109903
8,96,1.0000561391184384
8,97,1.0000273624503682
8,98,1.0000598636992555
9,0,1.0000298833160877
9,1,1.000018269046163
9,2,1.0000623501004526
9,4,1.0000232763400676
9,5,1.0000154857145112
9,6,1.0000277732038225
9,8,1.000030628872762
9,11,1.0000288399175492
9,12,1.0000128507882389
9,13,1.0000331637537936
9,14,1.0000635615238336
9,15,1.000024805035682
9,16,1.0000991997438664
9,17,1.0000592392798722
9,18,1.0001389961305347
9,19,1.0005779868733877
9,20,1.0000791429769107
9,21,1.0001211659822264
9,22,1.0001814795050483
9,23,1.000192240664021
9,24,1.0001965303869218
9,26,1.0001457819496589
9,27,1.0002795819980823
9,28,1.0001818121957073
9,29,1.0000350592022453
9,30,1.0000846591523975
9,31,1.0003571898305859
9,34,1.0003773742107682
9,35,1.000159620611209
9,36,1.0002675082820356
9,37,1.0003304471648367
9,40,1.0000904834724065
9,41,1.0001529261824882
9,42,1.0000343600249453
9,43,1.000475436905751
9,44,1.000539763843209
9,45,1.0000717919387037
9,46,1.0000978340619777
9,47,1.0009974857246973
9,48,1.000056193996058
9,49,1.0000833752140668
9,50,1.0003184826939857
9,52,1.0000730268490916
9,53,1.0002552479701392
9,54,1.0001119799297347
9,56,1.0001849125137054
9,57,1.0001675331631157
9,59,1.0001056145504161
9,60,1.000321655876724
9,61,1.0000958799461726
9,62,1.0000235526775283
9,63,1.0000696640100961
9,64,1.0000283012925462
9,65,1.0000869029052981
9,66,1.00004423595417
9,67,1.0000642488137468
9,68,1.0000448144342067
9,69,1.0000343466967043
9,70,1.0001539376295643
9,71,1.0000377634184938
9,72,1.000061647399674
9,73,1.0005083122861804
9,74,1.0000872272347021
9,75,1.0001211661153808
9,76,1.000071640786419
9,77,1.0000244857824043
9,78,1.0003133860931892
9,79,1.0000497325330346
9,80,1.0000426697973472
9,81,1.0003841863396385
9,82,1.0002607504816705
9,83,1.0001374101392058
9,84,1.0001882533324695
9,85,1.0000473837999098
9,86,1.0002039235265168
9,87,1.0002474420091907
9,88,1.0001191798229647
9,89,1.0001630955330647
9,90,1.0002179612967048
9,91,1.0002533417262804
9,92,1.00007524093152
9,93,1.0003322839063673
9,94,1.0002642860289064
9,95,1.0002736416909592
9,96,1.0000660057647954
9,97,1.0000219891830935
9,98,1.0000518946886352
10,38,1.0215074564912687
10,55,1.0293153519994906
10,58,1.016185291082179
11,0,1.0000484837789583
11,1,1.0000211856504502
11,2,1.0000262024282107
11,4,1.000067594247182
11,5,1.0000183941365821
11,6,1.0000109363718417
11,8,1.0000418304744572
11,9,1.0000288399175492
11,12,1.000030731627801
11,13,1.000009201123716
11,14,1.0001353973315006
11,15,1.0000566445905843
11,16,1.0001722218092501
11,17,1.000045866389128
11,18,1.0002460796653412
11,19,1.000778133350713
11,20,1.0001419434638161
11,21,1.000220105156525
11,22,1.0002258823414203
11,23,1.00022918892071
11,24,1.0003275225841461
11,26,1.000243821080166
11,27,1.000433649959679
11,28,1.0003081270004737
11,29,1.0000638103288144
11,30,1.0001188673491823
11,31,1.0005462016071325
11,34,1.0005771269663952
11,35,1.000294518390134
11,36,1.0004298147132964
11,37,1.0004669374067672
11,40,1.0001791157580089
11,41,1.0002550326308508
11,42,1.0000952651159563
11,43,1.0006698350715417
11,44,1.0007471918081066
11,45,1.0001443265124756
11,46,1.0001782455420296
11,47,1.0012695640645213
11,48,1.0001165800624032
11,49,1.000166263973924
11,50,1.000474325061361
11,52,1.0001143693239878
11,53,1.0003397389869864
11,54,1.0001961521631897
11,56,1.0002868733004495
11,57,1.0002597502040502
11,59,1.000171697027699
11,60,1.000478418953443
11,61,1.000193837614494
11,62,1.0000652950722266
11,63,1.0000247032853258
11,64,1.0000083057696203
11,65,1.0000303960325287
11,66,1.0000133150838946
11,67,1.000112287145425
11,68,1.0000479702909206
11,69,1.00005778399937
11,70,1.000250659747619
11,71,1.0000932296307163
11,72,1.0001328181427256
11,73,1.0007355197304892
11,74,1.0001244677481398
11,75,1.0002057803382838
11,76,1.0001514015504045
11,77,1.0000099982515973
11,78,1.000434942375561
11,79,1.0001334772073582
11,80,1.0000462312649823
11,81,1.0005275924016168
11,82,1.0003908384286477
11,83,1.000253435759054
11,84,1.0003176720174314
11,85,1.0000800241976118
11,86,1.0003460016493646
11,87,1.0003742446972124
11,88,1.0001991121416822
11,89,1.0002392054094147
11,90,1.000317870629853
11,91,1.0003752631447098
11,92,1.000182287289359
11,93,1.0004535894939315
11,94,1.0004179341100259
11,95,1.0004197190065993
11,96,1.0000290159298173
11,97,1.0000191509628247
11,98,1.0000201106938174
12,0,1.0000324465604344
12,1,1.000020231978144
12,2,1.000082665450975
12,4,1.0000275365829752
12,5,1.0000112112100896
12,6,1.000034530087639
12,8,1.0000361681347791
12,9,1.0000128507882389
12,11,1.000030731627801
12,13,1.0000303695270594
12,14,1.0000413951591318
12,15,1.0000350400681879
12,16,1.0000710538203785
12,17,1.0000665262767257
12,18,1.000108515293288
12,19,1.000500251199501
12,20,1.0000477170267075
12,21,1.000088289409166
12,22,1.0001434706958434
12,23,1.0001838965701748
12,24,1.0001642397811201
12,26,1.0001082178224125
12,27,1.0002427380042636
12,28,1.0001489864343214
12,29,1.0000129455121887
12,30,1.000066859828599
12,31,1.0003343381056078
12,34,1.00035928314622
12,35,1.000146149281087
12,36,1.0002353135782003
12,37,1.0002679170862736
12,40,1.0000668657108478
12,41,1.00011236249196
12,42,1.000025805955996
12,43,1.0004358584878155
12,44,1.0004905459183013
12,45,1.0000486298719127
12,46,1.0000666391447253
12,47,1.0009076821486103
12,48,1.0000280417838427
12,49,1.0000585224423901
12,50,1.0002696339370019
12,52,1.0000467818337881
12,53,1.0001823580405822
12,54,1.0001048913530364
12,56,1.000141281145373
12,57,1.0001416471941413
12,59,1.00006697455699
12,60,1.0002699081850683
12,61,1.0000904738010092
12,62,1.0000242290548358
12,63,1.0000842717206975
12,64,1.0000358688499582
12,65,1.000101540656568
12,66,1.0000500623054314
12,67,1.0000473322084544
12,68,1.0000237616837435
12,69,1.0000297003211813
12,70,1.000111716211132
12,71,1.000033877066215
12,72,1.0000578523876538
12,73,1.0004734680643754
12,74,1.0000541105593455
12,75,1.0000859180932942
12,76,1.0000539944167455
12,77,1.000023724315672
12,78,1.000259358426375
12,79,1.0000491497507664
12,80,1.0000190126890554
12,81,1.0003343083891518
12,82,1.000254404118462
12,83,1.0001253468684161
12,84,1.000164536573397
12,85,1.0000175484518754
12,86,1.0001861015482618
12,87,1.000205790378697
12,88,1.0001000403615803
12,89,1.0001254059453377
12,90,1.0001695922875762
12,91,1.0002218578139364
12,92,1.0000749839342002
12,93,1.0002585258474153
12,94,1.0002380333885927
12,95,1.0002455046523964
12,96,1.0000706959009324
12,97,1.0000321497522084
12,98,1.0000666986691498
13,0,1.0000261213163302
13,1,1.0000088073596125
13,2,1.0000326978045995
13,4,1.0000749877253152
13,5,1.0000120094008376
13,6,1.0000199350900438
13,8,1.0000193742248162
13,9,1.0000331637537936
13,11,1.000009201123716
13,12,1.0000303695270594
13,14,1.0001319084360312
13,15,1.0000829126223496
13,16,1.0001397708678537
13,17,1.0000679778965913
13,18,1.0002262104210664
13,19,1.000734182243712
13,20,1.0001103375077505
13,21,1.0001965626033789
13,22,1.000266919768592
13,23,1.0002884188703107
13,24,1.0003007148901553
13,26,1.0002429431622288
13,27,1.0004041086181068
13,28,1.0002906580108857
13,29,1.0000684509908686
13,30,1.000094652683372
13,31,1.0005506360889154
13,34,1.000585264807355
13,35,1.000273153292646
13,36,1.000408269429543
13,37,1.000407300302961
13,40,1.0001613766486683
13,41,1.000232894758168
13,42,1.000091115950789
13,43,1.0006452769437943
13,44,1.00070056172818
13,45,1.0001162553850822
13,46,1.000148252516549
13,47,1.0012309678582978
13,48,1.0001021449199015
13,49,1.0001564006312782
13,50,1.0004263804590796
13,52,1.000133414460377
13,53,1.0003142152812623
13,54,1.0002012811715886
13,56,1.0002422595118017
13,57,1.0002161280483748
13,59,1.0001334239799922
13,60,1.0004360225109419
13,61,1.0001988919717242
13,62,1.0000864488109986
13,63,1.0000277353095837
13,64,1.000026690243666
13,65,1.0000271383867152
13,66,1.0000067932862977
13,67,1.0000972992645796
13,68,1.0000608143214917
13,69,1.0000613996857042
13,70,1.0002261787988367
13,71,1.000075286294201
13,72,1.0001118902778638
13,73,1.00069228235647
13,74,1.0001516269381439
13,75,1.0001715888696396
13,76,1.000138977216988
13,77,1.0000030149338703
13,78,1.000376553236426
13,79,1.0001194037625916
13,80,1.0000303916597728
13,81,1.0005501760806612
13,82,1.000434241418656
13,83,1.0002664531693082
13,84,1.000322079659609
13,85,1.0000643672101868
13,86,1.0003205830463608
13,87,1.0003535865274804
13,88,1.0001532441710832
13,89,1.000229230296121
13,90,1.0003147401564163
13,91,1.0003778738969737
13,92,1.0001650601320389
13,93,1.0003968569498756
13,94,1.0003658628795669
13,95,1.0004183934919624
13,96,1.0000317778798136
13,97,1.0000142389597122
13,98,1.0000265945347537
14,0,1.0000803976450385
14,1,1.000098819288724
14,2,1.00023265875978
14,4,1.0000317818855273
14,5,1.000085565057786
14,6,1.0001445523887615
14,8,1.0000987360068843
14,9,1.0000635615238336
14,11,1.0001353973315006
14,12,1.0000413951591318
14,13,1.0001319084360312
14,15,1.0000607029932753
14,16,1.000027230841326
14,17,1.000122213941369
14,18,1.0000198046134083
14,19,1.000281460769241
14,20,1.000027830916569
14,21,1.0000203751159948
14,22,1.0000891084912389
14,23,1.0001431141994388
14,24,1.0000477260545209
14,26,1.000018362516316
14,27,1.0000896097892116
14,28,1.00003853585861
14,29,1.0000201399893436
14,30,1.0000655366133906
14,31,1.000151411866979
14,34,1.0001782920715305
14,35,1.0000480524356405
14,36,1.0001040753239068
14,37,1.000155185846605
14,40,1.000007379515191
14,41,1.0000250840820613
14,42,1.0000075212012391
14,43,1.0002108428027185
14,44,1.000257502118711
14,45,1.0000215417159308
14,46,1.00002139458411
14,47,1.0005896438965405
14,48,1.000011312509645
14,49,1.0000032179115925
14,50,1.0001220580757275
14,52,1.000023607224576
14,53,1.000088311951093
14,54,1.0000492916420918
14,56,1.0000863352883123
14,57,1.00006812735599
14,59,1.0000470068259286
14,60,1.0001200482647796
14,61,1.0000263460591643
14,62,1.0000415486938667
14,63,1.0002251604500012
14,64,1.0001216731968614
14,65,1.0002440432652204
14,66,1.0001746138095389
14,67,1.0000302365158866
14,68,1.000061569298793
14,69,1.0000678075935898
14,70,1.0000300098494472
14,71,1.0000433196631784
14,72,1.0000422166443685
14,73,1.000261123323798
14,74,1.0000414217468978
14,75,1.0000313411247888
14,76,1.0000297844824475
14,77,1.0001112294435195
14,78,1.0001884326096613
14,79,1.000021291578954
14,80,1.0000685752051413
14,81,1.000156018540165
14,82,1.000127157128648
14,83,1.0000373287874298
14,84,1.0000584157170789
14,85,1.0000259228188415
14,86,1.000072705072234
14,87,1.0001075949280134
14,88,1.0001044171899194
14,89,1.0000896799203995
14,90,1.0000571694063627
14,91,1.000108735158634
14,92,1.000035572019335
14,93,1.000137301517639
14,94,1.0001271052847707
14,95,1.0001072382904175
14,96,1.000172838671573
14,97,1.000120462122192
14,98,1.0001851005701006
15,0,1.000076633494617
15,1,1.0000757294234224
15,2,1.0001259637118025
15,4,1.0000266520246324
15,5,1.0000646556122985
15,6,1.0000609915930456
15,8,1.00008736758061
15,9,1.000024805035682
15,11,1.0000566445905843
15,12,1.0000350400681879
15,13,1.0000829126223496
15,14,1.0000607029932753
15,16,1.0001216944274482
15,17,1.0000361506238287
15,18,1.0001435518473236
15,19,1.0005764907023482
15,20,1.000117195526494
15,21,1.0001439186371666
15,22,1.000091013776229
15,23,1.0000876070789202
15,24,1.0002039579945483
15,26,1.0001251289645705
15,27,1.0002755129861018
15,28,1.0001842066150521
15,29,1.000027918144803
15,30,1.0000913765802808
15,31,1.0003007141135292
15,34,1.0003414375532582
15,35,1.0001573755737068
15,36,1.0002627962210844
15,37,1.0003931628143234
15,40,1.0000989384558268
15,41,1.0001533220100074
15,42,1.000042023588469
15,43,1.0004328246506153
15,44,1.000528063669726
15,45,1.0001137336319323
15,46,1.0001238942324755
15,47,1.000971321477423
15,48,1.0000802156769726
15,49,1.0000884959418088
15,50,1.0003428946549608
15,52,1.0000339731386896
15,53,1.000235645010766
15,54,1.0000668186692836
15,56,1.0002536414786845
15,57,1.0001848381076852
15,59,1.0001626285669294
15,60,1.0003404343273705
15,61,1.0000624970321261
15,62,1.0000071723130222
15,63,1.0001045366956616
15,64,1.0000315491790948
15,65,1.0001304767554506
15,66,1.0001082568876376
15,67,1.0000628180821876
15,68,1.0000271906591593
15,69,1.0000294505305134
15,70,1.0001528756390743
15,71,1.0000601381564134
15,72,1.0000744613043373
15,73,1.0005068309443859
15,74,1.0000488181245943
15,75,1.0001443420447855
15,76,1.000081094371995
15,77,1.0000615525779466
15,78,1.0004116706612665
15,79,1.0000614495789708
15,80,1.0000696082578475
15,81,1.000286259051864
15,82,1.0001591082177945
15,83,1.0000936266663851
15,84,1.0001458737685203
15,85,1.0000664974871738
15,86,1.0001929383363117
15,87,1.0002300327636968
15,88,1.0001975961003273
15,89,1.0001458030643997
15,90,1.0001658270498583
15,91,1.0001869994692738
15,92,1.0001135656900915
15,93,1.0003655565628438
15,94,1.0002966392500086
15,95,1.000213884550215
15,96,1.0000762368445595
15,97,1.0000551579426031
15,98,1.000072461291051
16,0,1.00006483960054
16,1,1.0001105340100245
16,2,1.0002750117326988
16,4,1.0000721950951799
16,5,1.0001094810698146
16,6,1.0001841225101173
16,8,1.0000860817476145
16,9,1.0000991997438664
16,11,1.0001722218092501
16,12,1.0000710538203785
16,13,1.0001397708678537
16,14,1.000027230841326
16,15,1.0001216944274482
16,17,1.0001629394118932
16,18,1.0000254568958602
16,19,1.0002700487357432
16,20,1.000010241674074
16,21,1.0000263274638173
16,22,1.000169888479948
16,23,1.0002480774837488
16,24,1.0000461056121366
16,26,1.000055963893833
16,27,1.000083056550265
16,28,1.000056163239487
16,29,1.0000509075329105
16,30,1.000031561124332
16,31,1.0001996864288816
16,34,1.0002519016790978
16,35,1.000044447404063
16,36,1.0001138032266923
16,37,1.0001193746217083
16,40,1.0000116925922717
16,41,1.0000237968314196
16,42,1.0000311395318273
16,43,1.0002069312492794
16,44,1.0002255120339083
16,45,1.0000163113620817
16,46,1.0000056726352593
16,47,1.0006048729872394
16,48,1.0000263369933153
16,49,1.000024656095534
16,50,1.0000920022866513
16,52,1.0000762607041807
16,53,1.0000717450184728
16,54,1.0000658585982491
16,56,1.0000737244290414
16,57,1.0000145590609895
16,59,1.0000292731593838
16,60,1.0001017691349519
16,61,1.0000547410269478
16,62,1.0001014577378993
16,63,1.0002382852500993
16,64,1.0001665361269687
16,65,1.0002454188350525
16,66,1.0001927788668397
16,67,1.0000188140526445
16,68,1.0000965530858446
16,69,1.0000856502069413
16,70,1.0000201764331331
16,71,1.0000345539577318
16,72,1.0000247692501658
16,73,1.0002403172050494
16,74,1.00011580525988
16,75,1.0000058268295215
16,76,1.0000394005517115
16,77,1.0001182850604526
16,78,1.0001712079386842
16,79,1.0000240333383559
16,80,1.000060979293131
16,81,1.0002218082475358
16,82,1.000220129344295
16,83,1.000087636062575
16,84,1.0000958510312854
16,85,1.0000261283320435
16,86,1.0000567242687093
16,87,1.0001020332099273
16,88,1.0000743707849495
16,89,1.000093018998297
16,90,1.0000721596477067
16,91,1.0001255412314227
16,92,1.000055784994195
16,93,1.0000894044478192
16,94,1.0000780638324922
16,95,1.0001255001706901
16,96,1.0001774023415488
16,97,1.0001278866133354
16,98,1.0002020524711561
17,0,1.000069337331036
17,1,1.0000830524990811
17,2,1.0001265787250921
17,4,1.0000491937566474
17,5,1.0000830159521494
17,6,1.0000818305006334
17,8,1.0000762507125243
17,9,1.0000592392798722
17,11,1.000045866389128
17,12,1.0000665262767257
17,13,1.0000679778965913
17,14,1.000122213941369
17,15,1.0000361506238287
17,16,1.0001629394118932
17,18,1.0002221223232368
17,19,1.0007586799363184
17,20,1.0001729410440336
17,21,1.0002315072523886
17,22,1.000142781114335
17,23,1.000107263362394
17,24,1.0002983946380812
17,26,1.0002115840714467
17,27,1.000380819813635
17,28,1.0002858104513144
17,29,1.0000602053706027
17,30,1.0000896551999903
17,31,1.0004682071632671
17,34,1.000530797424652
17,35,1.000266729743403
17,36,1.0004256798527218
17,37,1.0005218389811605
17,40,1.0001643058298708
17,41,1.0002378457957624
17,42,1.000084700132418
17,43,1.0005473088885768
17,44,1.0006560370202808
17,45,1.0001712553972637
17,46,1.0001895185990148
17,47,1.0012167674799748
17,48,1.000146381955419
17,49,1.0001545767602888
17,50,1.000461393095791
17,52,1.000077340452723
17,53,1.0003205927586127
17,54,1.0001295114124145
17,56,1.000361304846508
17,57,1.0002172765659618
17,59,1.0002297449038144
17,60,1.0004687685797236
17,61,1.0001425953048169
17,62,1.0000672046903978
17,63,1.0000806011152092
17,64,1.0000172158012284
17,65,1.000070162558346
17,66,1.0000958182845139
17,67,1.0000806724900413
17,68,1.0000479968024294
17,69,1.0000663183872278
17,70,1.000233389621849
17,71,1.0001109264013048
17,72,1.0001262591329614
17,73,1.0006981472891094
17,74,1.0001171365472603
17,75,1.0002104375381329
17,76,1.0001745564838125
17,77,1.0000506091180075
17,78,1.0005459725981152
17,79,1.0001274048612443
17,80,1.0000809441266285
17,81,1.000410163267463
17,82,1.0002722316399313
17,83,1.0002043144082184
17,84,1.0002763909195191
17,85,1.000101868426104
17,86,1.0003031074248452
17,87,1.0003717419957379
17,88,1.0002969151913252
17,89,1.0002546371797758
17,90,1.000245253495794
17,91,1.0003038520924858
17,92,1.0002140158465076
17,93,1.000468410987798
17,94,1.000424762831393
17,95,1.0003440149643046
17,96,1.0000332505555738
17,97,1.0000607317129768
17,98,1.000053236921997
18,0,1.000136033962429
18,1,1.0001752183266244
18,2,1.0003616396872281
18,4,1.000084989673743
18,5,1.0001638959409387
18,6,1.0002569322354533
18,8,1.000160998035098
18,9,1.0001389961305347
18,11,1.0002460796653412
18,12,1.000108515293288
18,13,1.0002262104210664
18,14,1.0000198046134083
18,15,1.0001435518473236
18,16,1.0000254568958602
18,17,1.0002221223232368
18,19,1.0001678480090463
18,20,1.0000370252453883
18,21,1.0000068901002737
18,22,1.0001438979664974
18,23,1.0002200697367438
18,24,1.0000063446273186
18,26,1.0000128684592942
18,27,1.0000268133308918
18,28,1.000006475841053
18,29,1.0000755252272162
18,30,1.000099177538024
18,31,1.0000993752276683
18,34,1.00012371461615
18,35,1.0000238583891412
18,36,1.0000584060054696
18,37,1.0000848842876713
18,40,1.0000062209243907
18,41,1.0000057565953122
18,42,1.0000394520374372
18,43,1.0001153660815747
18,44,1.000138164908682
18,45,1.0000271496013846
18,46,1.0000185430082937
18,47,1.0004218364123258
18,48,1.0000341165699365
18,49,1.000009123049981
18,50,1.0000461225184447
18,52,1.0000747694819851
18,53,1.0000671545940376
18,54,1.00007595489035
18,56,1.0000584789209495
18,57,1.0000441935459259
18,59,1.0000476622707963
18,60,1.0000465039315618
18,61,1.0000444153184176
18,62,1.000113955367492
18,63,1.0003544643842386
18,64,1.0002315380222775
18,65,1.000369541848736
18,66,1.000281108644136
18,67,1.0000602413389483
18,68,1.0001428217978934
18,69,1.0001421368512673
18,70,1.0000134480840277
18,71,1.0000824667656465
18,72,1.0000668190999942
18,73,1.0001535149984506
18,74,1.0001021706213513
18,75,1.0000213117671397
18,76,1.000052826374089
18,77,1.000201161599453
18,78,1.0001357453749733
18,79,1.0000416762948907
18,80,1.0001321935216032
18,81,1.0001255278149013
18,82,1.0001410424808315
18,83,1.0000462757745971
18,84,1.0000510246291647
18,85,1.0000654180609012
18,86,1.0000392002659542
18,87,1.0000861853467058
18,88,1.0001116128103642
18,89,1.0001127341266067
18,90,1.0000444703915217
18,91,1.0001022932555033
18,92,1.000039905428994
18,93,1.000070608381905
18,94,1.0000709085964576
18,95,1.0000815182227798
18,96,1.0002840706997491
18,97,1.0002131567731438
18,98,1.000305657613156
19,0,1.000578218215592
19,1,1.000638600316875
19,2,1.0009468304509732
19,4,1.000483904150608
19,5,1.0006077536950895
19,6,1.0007646731982214
19,8,1.0006253942122443
19,9,1.0005779868733877
19,11,1.000778133350713
19,12,1.000500251199501
19,13,1.000734182243712
19,14,1.000281460769241
19,15,1.0005764907023482
19,16,1.0002700487357432
19,17,1.0007586799363184
19,18,1.0001678480090463
19,20,1.0002835042614349
19,21,1.0001766204447804
19,22,1.0004293191417835
19,23,1.0006165532296964
19,24,1.000119537780865
19,26,1.0001800703412056
19,27,1.0000834501691236
19,28,1.0001258296217952
19,29,1.0004261970143222
19,30,1.000458300567845
19,31,1.0001120730258473
19,34,1.0001223344889651
19,35,1.0001711718651671
19,36,1.0000852806961964
19,37,1.000084258019324
19,40,1.0002294044199886
19,41,1.0001518095679334
19,42,1.000363558894619
19,43,1.0000947162737956
19,44,1.0000574221630516
19,45,1.0002795508384956
19,46,1.0002316244571101
19,47,1.0000745578042498
19,48,1.0002937485627421
19,49,1.0002414645330873
19,50,1.0000564770842129
19,52,1.0003929220260985
19,53,1.000157606625835
19,54,1.0003553577725623
19,56,1.0001793811677469
19,57,1.0002628325734806
19,59,1.0002630291132386
19,60,1.000044866190279
19,61,1.000297133940527
19,62,1.0004922026102574
19,63,1.0009492494915588
19,64,1.0007677841638334
19,65,1.0010008836958848
19,66,1.000822843536292
19,67,1.0003921359564079
19,68,1.000546671812813
19,69,1.0005421218796633
19,70,1.0001650296667686
19,71,1.000417250280583
19,72,1.0003738575167078
19,73,1.000044243167782
19,74,1.0003998459472492
19,75,1.0002150991193821
19,76,1.0002922016954354
19,77,1.000696750051096
19,78,1.0001805883326096
19,79,1.0003317789892172
19,80,1.0005243294878918
19,81,1.000173337857703
19,82,1.0003339789544923
19,83,1.0002393546177086
19,84,1.0001787226524514
19,85,1.0003815239106637
19,86,1.0001611212896344
19,87,1.0001575947792325
19,88,1.0003337374470112
19,89,1.000298566595264
19,90,1.0001820860069568
19,91,1.0002275017828934
19,92,1.0002749780501636
19,93,1.0000796450190628
19,94,1.0001344357078683
19,95,1.0001676351437403
19,96,1.0008496445253476
19,97,1.0007087778123533
19,98,1.0008775377214374
20,0,1.0000598002596215
20,1,1.0000811329770811
20,2,1.0002209678716774
20,4,1.0000738959582711
20,5,1.0000755269026411
20,6,1.0001419245077683
20,8,1.0000747827196013
20,9,1.0000791429769107
20,11,1.0001419434638161
20,12,1.0000477170267075
20,13,1.0001103375077505
20,14,1.000027830916569
20,15,1.000117195526494
20,16,1.000010241674074
20,17,1.0001729410440336
20,18,1.0000370252453883
20,19,1.0002835042614349
20,21,1.0000218209698102
20,22,1.0001848400138589
20,23,1.0002777790472426
20,24,1.0000626990700245
20,26,1.0000629588756722
20,27,1.0001117654127583
20,28,1.0000654530335646
20,29,1.0000438164670475
20,30,1.0000496770466982
20,31,1.0002275460843075
20,34,1.000262977659845
20,35,1.0000599916986987
20,36,1.0001154521742996
20,37,1.0001050752247873
20,40,1.0000187686623583
20,41,1.0000319517726692
20,42,1.000032291328464
20,43,1.0002672056928315
20,44,1.0002784397010724
20,45,1.000007372265296
20,46,1.000004318817326
20,47,1.0006304624203943
20,48,1.0000098173853467
20,49,1.000026809747226
20,50,1.0001074812510051
20,52,1.0000790240932744
20,53,1.00007904332765
20,54,1.0000906339954636
20,56,1.000045826062526
20,57,1.000045924594598
20,59,1.0000077006503167
20,60,1.000112970710565
20,61,1.000071983060598
20,62,1.00008692474691
20,63,1.0002071444124074
20,64,1.0001511406872075
20,65,1.0002250619119335
20,66,1.0001514844723842
20,67,1.0000341709796627
20,68,1.0000845806771619
20,69,1.000074863195115
20,70,1.0000292350464703
20,71,1.0000280798949233
20,72,1.000031368206419
20,73,1.0002665248872529
20,74,1.0000997874586217
20,75,1.000009030042813
20,76,1.0000261728149407
20,77,1.0000969930276973
20,78,1.0001297600313057
20,79,1.0000277150882708
20,80,1.0000437069580377
20,81,1.0002591421862703
20,82,1.000254013535117
20,83,1.0000995682107114
20,84,1.0001061485284806
20,85,1.0000141706568562
20,86,1.000080885141763
20,87,1.0001018620291593
20,88,1.0000382474336384
20,89,1.0000804557025622
20,90,1.0000988473606254
20,91,1.0001507070113187
20,92,1.0000419319287999
20,93,1.0000926290621912
20,94,1.0000878973822427
20,95,1.000154545368853
20,96,1.0001707770193158
20,97,1.0001062482065874
20,98,1.0001805826923635
21,0,1.000123410371204
21,1,1.0001455723719617
21,2,1.0003146855105345
21,4,1.0000865872854847
21,5,1.000132666125701
21,6,1.0002213860297133
21,8,1.0001430055806155
21,9,1.0001211659822264
21,11,1.000220105156525
21,12,1.000088289409166
21,13,1.0001965626033789
21,14,1.0000203751159948
21,15,1.0001439186371666
21,16,1.0000263274638173
21,17,1.0002315072523886
21,18,1.0000068901002737
21,19,1.0001766204447804
21,20,1.0000218209698102
21,22,1.0001673133477025
21,23,1.0002577915456115
21,24,1.000016431869704
21,26,1.0000213269045952
21,27,1.0000469142257058
21,28,1.0000131881297203
21,29,1.0000703969576206
21,30,1.0001059609454992
21,31,1.0001277369885746
21,34,1.0001402668037231
21,35,1.0000329070522591
21,36,1.0000587545884623
21,37,1.000064319019916
21,40,1.0000088563782907
21,41,1.0000096852727853
21,42,1.0000389694646001
21,43,1.000163399793285
21,44,1.0001757840287657
21,45,1.0000139294858184
21,46,1.000011401409725
21,47,1.0004454056037848
21,48,1.0000182649374005
21,49,1.0000099556271604
21,50,1.0000517970750444
21,52,1.0000819759694737
21,53,1.0000707629981707
21,54,1.0000966417765276
21,56,1.0000285768221064
21,57,1.0000592593034878
21,59,1.0000225605652449
21,60,1.0000505134817985
21,61,1.0000597621153715
21,62,1.0001060750831186
21,63,1.0003242745470848
21,64,1.00021960561387
21,65,1.000346043429969
21,66,1.0002420416749194
21,67,1.000067867470795
21,68,1.000134729365991
21,69,1.0001319394662098
21,70,1.0000172508013925
21,71,1.0000712820865338
21,72,1.0000657009155933
21,73,1.0001702150254048
21,74,1.0000970186928166
21,75,1.000017016620797
21,76,1.0000396267544747
21,77,1.0001786289675803
21,78,1.0000932491523662
21,79,1.0000405210102559
